k3585_1 = 3.157676e-04;
k3586_1 = 2.399336e-03;
k3587_1 = 7.122388e-02;
k3588_1 = 3.630037e-04;
k3589_1 = 8.128848e-04;
k3590_1 = 2.509423e-04;
k3591_1 = 7.122388e-02;
k3592_1 = 7.322382e-04;
k3593 = 2.850346e-06;
k3594 = 2.165814e-05;
k3595 = 6.429182e-04;
k3596 = 3.276734e-06;
k3597 = 7.337686e-06;
k3598 = 2.265187e-06;
k3599 = 6.429182e-04;
k3600 = 6.609711e-06;